0,0.095882900193,0.91528,0.174329054779,0.9189
0,0.0955805830525,0.91544,0.173913812568,0.9207
0,0.096210336534,0.91378,0.174850890013,0.9192
0,0.1001044428,0.91336,0.178001880789,0.918
0,0.100603523459,0.90796,0.178065250856,0.911
0,0.0866206186392,0.92898,0.176900793437,0.9312
0,0.0847538773177,0.93204,0.175472473257,0.9342
0,0.0851291333593,0.93184,0.176455349453,0.9328
0,0.0852754426806,0.93156,0.176207010842,0.9329
0,0.084228404855,0.93252,0.175547276211,0.9346
0,0.0790437651495,0.94206,0.175935297821,0.9409
0,0.0796444032093,0.94028,0.176009093352,0.9423
0,0.0779263267289,0.94206,0.175121536164,0.9424
0,0.0792529707299,0.9416,0.176547720195,0.9401
0,0.0821150917399,0.93748,0.178580012216,0.9388
